1	0x471801ab22320f594318ceca39d0946fa6dc4ef9	11,675
2	0x13a5e7bde7477616c953ac4d4a1a82f751053efb	10,750
3	0x00e484da1156202e9dd341ad7ea9c908bb919e96	10,600
4	0xc2978441f46a76c60e0cd59e986498b75a40572d	10,200
5	0x1d15a22d741bc7a9cc73c960925154e43b2e7e22	9,800
6	0x3d892f8a18543959c1f8865ce7b6b45654c8f073	9,725
7	0x1518700813d03557c7756e3361fda5ec5d4b453c	9,700
8	0xb9c0081bc6c84174dccde33bf0475081f2f6f6a9	9,575
9	0xdedb02b1a0e2c302536e3fb1e19a581727035ee1	9,525
10	0x9a7710e1735cf8ebd9f204b1683862cec4086b58	9,225
11	0x1031e96ab4c976ecf339ee4af3e2689222a2de98	9,225
12	0xa479dfdd15ab61d9ce39867ad48a6e93e9df52ad	9,225
13	0xb439b0844d0d9af237ff37dc2379f07b6cd06171	9,175
14	0xb4d64772218d36f97974e8bb6ef0d01b026c9a14	8,990
15	0xa9ee9b9620556054d5e400d0c12ba6393efbc05e	8,925
16	0xfd6eb75ec45125311c2e64c046f4a0a993547afa	8,925
17	0x27ec37f465e1755036cc854aa96dd304f82213e6	8,825
18	0x70804a307694e27ab45574e62aeadd49e7fa36be	8,825
19	0x0b4649faf300448b41a2f5c513b480224e1feab5	8,800
20	0x9429b4d8d4f5bf325d2f5f0d6a45c2a675135e87	8,700
21	0xc010e4a4725201651b1e168d9fcfe9eb38405ae5	8,675
22	0x7774aedc316151280ae0a71e13e9317f9a6aed59	8,675
23	0xc8fdd78a80a96b8504c1909fd7577524b8a2c06c	8,675
24	0x8c6fdb5926e31994c9372f5907508b36aca500b6	8,655
25	0x5989cc6bbac8f8e3afc4143bfe57ba68ef20f84f	8,630
26	0x1b4862f983aa573518b612f1bb1579f4b02796cb	8,625
27	0x9928c2e4e2280f3002a69a7893af18d8f0c068f7	8,575
28	0xc643fd3bfc51c12d206ff7676220278c7f669a6c	8,525
29	0x9df602ee0075a40f6f4cc92b68219ac543e70001	8,525
30	0x4a1721c493c481b48ab05db82265e149c95ac33f	8,425
31	0xa9ffa6b04565e9ef06271ae636cecf466d637201	8,375
32	0x187aa514d346428ea48d243a60cec2d529244750	8,375
33	0x2c1f4df355e7d244b860621b4f428ad1fd975bb0	8,375
34	0xad79e94b48881bbbd6e456780e71b1bced075745	8,375
35	0xbb967d46dc3e5d0e300644dd15e3e1678100d70b	8,355
36	0x23f9db9d3895cbcb0a1071f59b3f7a5a30ed907e	8,275
37	0x409563722a0a20ec1aca1ff7bc62ac38ac3f327f	8,275
38	0xbf8cdbeedd1e5c06c20c60c926c42f5b37ff2a92	8,225
39	0x4a574a0570fe7ffeec2d9cc7ac78cceaba5d68d6	8,225
40	0xf03c41c8fce656dcf25bfb7d7e9eaf757266020a	8,200
41	0x413fd613947754fa4756ce9eeec152379b05af18	8,200
42	0x4ccc847b4424f653eb4b511cd2c922f9f0de3f12	8,150
43	0x2c31159f1497aed2cf9c028e55416f3050db1dff	8,100
44	0xe4a45f74967f75dccd6947a9dfe25333727a4737	8,100
45	0x0b743d5cb4ea6ad4ce1feb376986d5ee8ea2c52e	7,575
46	0xb903039b64ac1ac8acd4c533ae06bb7c0df94b3b	7,325
47	0x2756e6ebdbebc3419f355a7c1301d42ae674b4a5	7,325
48	0x4d12075e8b399c5b9c99ee88051de04fb385f14f	7,125
49	0x79e6cd659c8b4afef45b3f0083c1b6556e9132b4	7,000
50	0x27dee0791881dee7c4e2a5f49fdc6ed4cf7ddf7d	6,975
51	0x9588480dabca398a9d5f9a55897072c748b9a6f2	6,600
52	0x1c6776514fd6b40b18a441e807f1a9cc57a5513d	6,525
53	0x25e1c9a03f99eac6cbb2c5880c035c96a4a00e4d	6,525
54	0xfa6acdf95eab0b5fb855a28ccd351694181d12df	6,525
55	0xa55102ffb17fe19ab6fea9425310b5fb5f599a18	6,475
56	0x98a96c97892fbfdd7c32aa3c8cf09e7c94f5c888	6,425
57	0x44ced169cc05353759c3495bf9237f9e4e78a76c	6,300
58	0xaa89c84ad9673b2fe581a8dd3e549d72a287da18	6,175
59	0xc04e7333dd3e5b27fab9b22d45963124c31ff67d	6,075
60	0x65c2bd6ab04a295705ae2317a7530ecce0f8ecfb	0
61	0xa24b141adb22a44b66ba6b99bc55483251ab2715	0
62	address	NaN
63	0x13cd95010647870b66a0a82ff96225dad07c6943	8,100
64	0x512c15b16ada14aa777a64df34a5f2ec7a58aac5	8,025
65	0xd2ca5af9a07d0f3a12536ca195f33bde631b310e	8,025
66	0xf9727091df3e91cc033f80ee4a2ce9bd4e1cc407	8,025
67	0x224aa750db14c9ecd07acaa4c19cdb0c5c7c9c85	8,000
68	0x722edf81c3313327d2af14407ab4f5138df18742	8,000
69	0xbb8f6532f791b11199213e0bc4c7b362eb6c6cf0	8,000
70	0xeac0fbba47ea4d3fff69019527092568492f2450	7,990
71	0xce2b21142a08bd3b2d8689005646a4a5d4d73cab	7,975
72	0x7e51f4f8d54d6b2c468d0c2a6fa53ad465c5eeee	7,925
73	0x64178cb8054e231a355bfc5db740f0268b5ca0d2	7,925
74	0xdc0e734ae36f960445b5f38e4ae14133eb47cc7d	7,925
75	0x564a35ffcbd9b53a7b777327e6f79abd4364c888	7,925
76	0xabfacbc5fece15ffb3c970038fcdc12f86162680	7,920
77	0x2ccff304ef578b238ee82e1d1d53c34e80b48ad6	7,855
78	0x4d108fc1d0cd7c14d85996599d6c3215a92a5c47	7,850
79	0x32f8faf7797b6694a041618f33bdb5a7ef41cf61	7,850
80	0xdf743b9b582e10f02489e0fbed6fd9cef191d736	7,850
81	0xa2d0e24242de841ee9b0435aa561268301ebe6ae	7,850
82	0x758cbcae1d0cfeb48da45954022866b926a2f714	7,825
83	0x23611750cba01261744a962deafe87469c22ccb5	7,825
84	0x72b43cc7c475bcddf8c703f097514714b9fc7088	7,825
85	0xfbe0defc816121b88ddc32b09ee411c3d85de1ee	7,800
86	0x3df6c1d54ad103233b3c74a12042f67239d69f70	7,780
87	0x19748446a67b690ef1dd13ee61a615e9028bc6e0	7,775
88	0xea93fd785196e0ba1d3aace1361b541a546b6c60	7,775
89	0x3e8df60593719be4f3fd7df427954cf5f50bfdbe	7,775
90	0x13afa1dfa7d370394a8340af700022b788fdf8f0	7,775
91	0xf330d73d7683aceaf62338523af4986655f4a5b8	7,775
92	0xd3c45a5b9aea1cd78c7a2527012bc4acec9c8050	7,765
93	0x846e49ece01ac637f57c2fdf3effe476b7001190	7,750
94	0x86cf890e7712339d24f70d9b799d0bfb28b221a0	7,750
95	0x2ae7ac4d95e1bfe1172fae1c8efe9097119216cf	7,750
96	0x42392e46a5ef600d36782f69edd02d4e41d45e3d	7,750
97	0x0b1c322609f30007d31862b2245efa1991e5723d	7,750
98	0x87415604e043d6f688eb0e9d8e6b41809d3b8a61	7,750
99	0x598ed77bc7fe9cf0620d8bf48b862e95ee26a870	7,725
100	0x0064f043786e8c597d6565fcbf4f0989bdd0f9a3	7,725
101	0x571493b6bb0b99dda41e2da1774b8c9b5bc302af	7,725
102	0x23324ed44904260fe555b18e5ba95c6030b9227d	7,675
103	0xbb0681e131d704cb86bda625a730c7866e262a3a	7,675
104	0xac024b7fdf80c2a949619a2543f4ec8f1b48c7e0	7,650
105	0x6f7c4b3673095e504201d5ba8bae6ac3acc7bc52	7,650
106	0x020d4cfe75375bd152c1482ebf5e95158fca1325	7,650
107	0x8ad557e25766c99e28e6fe8e3e0fbf87e452b23d	7,625
108	0xbc3f9e4833dfd7cd7e196c171f72dd23874624d3	7,625
109	0x54d400df8508ca336d8063d016db1147ace14274	7,600
110	0xb2a6bc0a875fdbb6414f9b6ee1f313d68fad6207	7,600
111	0x5a24702e6aa21884d468d0490bde721b4fec30ab	7,600
112	0x8fc1357f318a48fb4a2429ca2b7c92b687575dcc	7,600
113	0x2ca59323820e6b7565ee2d0c15f7f6b836093b0b	7,575
114	0x4d72d4269ab46962713ca19cab8161a87684a163	7,550
115	0xf7ffb0cf5d00c01445375283946fdd4f26ba7e27	7,550
116	0x73b41fafc67fbee0afd35eaeaba76e7468083f07	7,550
117	0x4498701905cb0be29a31dac56cec45d976618afe	7,550
118	0xf74c487e7d9ffebdcfb3189118d74b0b8591dc83	7,525
119	0xa24e0affab0c33393bf41ba5475e54eaca80b2e6	7,525
120	0x599c15fbde4e13d81f8308af2282cd8b7caae4b2	7,525
121	0x10bf3df3c6dab3237dff5284fa75fd11ce7ee4af	7,500
122	0xbc9b01af517dcf09d93840caf830014acad1d91d	7,500
123	0x930bb3e6e9e0094e6adc587ce63fad5c3856e59f	7,475
124	0x9fe4e32ffe575688b0a37909e7adebb27ea7eeac	7,475
125	0x18b4318daec8c90a3f3912c8cc561f7aede15d1a	7,475
126	0x1972560d3c113924df93dd2ac84bac702ff5e498	7,475
127	0xb0481e4d9513924d3eef075781794ea81b14e0f7	7,450
128	0xb06145bc400005e39509a43ca62f521476aa7d4f	7,450
129	0xbd7041c03b68467a55596f375c3e4bb716406a23	7,425
130	0x9375d4f6835bf89625d410e3567e34c28a543d46	7,425
131	0x82210fbed5336cb60bc23e27703713a2d10136cf	7,425
132	0x3b07722ccc1ddf02ed88554cd6b4d828cec6d023	7,400
133	0xd462033c435bad496f3ea018277855f52fe804e1	7,400
134	0xf812b124bf076f643f936573be46963177048d99	7,375
135	0xd01aff101d3eddd0528b0a11b245c442eb257ce0	7,375
136	0xa50f8b14c179d0e828308812a353f58a670e02e2	7,375
137	0x3504d2221b9a148d1ee14fab1668757899ce43e1	7,375
138	0x3f47a30180c6fd23c8fcf5a062a08b66ae1c9192	7,350
139	0x32815ae4dc3ed5b36109badea8fd3e6cbed03d91	7,350
140	0xf43845c4a9d212565fb58de2fa140dd6fc8290bf	7,350
141	0xf2f62549cf1263c8ae8bae768cc35958ac4d8c35	7,350
142	0xf7584c7b334fed1b6ef2b619ca0aa162fc27b236	7,350
143	0x841cb0b5fb071f9e330698fed473a7b84bf69485	7,350
144	0xbe3026eca9dd524401ceb3b703d7972497332325	7,350
145	0x8f4075ae8610f01dea4dbb4c824fe1e13e74c99f	7,350
146	0x162af4fd4d2f2d3a721aeee22e3cbb640f23735a	7,325
147	0x2504407012559909eb9ea18273d2617d0c658243	7,325
148	0x9e730c9160c3ae12e17e970d4c393ab16837827a	7,325
149	0xca732469b336831fcbe82bf96206a8f5403b2e9c	7,325
150	0x723aadf9329a770c8a77f205eaacc879b6e83f55	7,325
151	0xeb6b676a9003612a3367b30fb253dcc1310a719b	7,325
152	0x7a516d5170069c6e5ce9be2a9e00dc33523a0f61	7,325
153	0x472aebae9f5bf00fe02e18b5b49cc18b568f2687	7,300
154	0x0907b14771f2b04c5a4643e611d23f7e988bd35d	7,290
155	0x47444db9d70eb322757b87b98110ea0391a3fa8f	7,275
156	0xc93678ec2b974a7ae280341cefeb85984a29fff7	7,250
157	0xe733ef9edf8e78e53416963e52c0c52506ae3f72	7,250
158	0x2f1d9c7ba44f5b72f0ad1bad2af5f9df7ee7d508	7,250
159	0x5f7a8fb8cc29e795ba19191dd74d69a90cdadb88	7,250
160	0x77f45203b5aaa93bc78f1d355c69aa991a57ca6d	7,250
161	0x92ad97f4d83df169e0e60fe414238ea1aea0bcc7	7,250
162	0x8c9a5a7027331f70786d55848f9a1e874837715a	7,225
163	0x1b2e7503a3da1f16c11be33d35640e379c80b94a	7,225
164	0x52665abfd59c7fd46aa8fa947aae3316c722139b	7,225
165	0xf3afc2383a0b45ae73d77b49df7f2184b1ad4b90	7,225
166	0xf37319cb7f984f803fd48453b25c0110f9ce89bc	7,225
167	0x0eb9a7ff5cbf719251989caf1599c1270eafb531	7,200
168	0xc6a38f865877d116a378ba3aeb2e6d5127a51c7a	7,200
169	0xb291b82d7383081b10e6c93e6755e0904a8c6f08	7,200
170	0x1fbbd9803f74d43aced0b10a9fca4fe61cb245e9	7,200
171	0x87be4ce16962332982f99d33dc78207ac6d6f47b	7,200
172	0xcd29f697268883e568fb8e34173782f4b03bd835	7,200
173	0x6513b753670786367922fd32efbb6ce18abd3041	7,190
174	0x0014ea9bbe130c8af7f00c8e61fc07368bdaaf7d	7,175
175	0x0b24dc8537340dcf4ff89f522f32ceb6395ef396	7,175
176	0x6faad1da4c1d08e082faa46d1bddb865ec21a89d	7,175
177	0xc1196c46559203fe1e3ffe05009fde59795a6385	7,175
178	0x31afb0bff323d2b7ba7c35afe29e5f9cc2b4556f	7,175
179	0x6c2f670359a46e2d21daa954223caf3797d38600	7,175
180	0xc5fd654ba7c9c9d6b5710fc347c1306e855ec582	7,175
181	0xb885a49016e558e6cfd222d9196101eb7fce52bb	7,175
182	0x3a43525a3873d7fb415cff57613d22ed5ccfa368	7,150
183	0xdce62b21a8b1a9b39dd3ded27c876d416cc91b3e	7,150
184	0xa799cf9a9242eb89d77a61571fb14502f6ba453c	7,150
185	0xf61467b750f98b40884e23dc051bb297dbc772b5	7,150
186	0x2b898a0e434e4f43c68ee3d6eb46ac0f9f994052	7,150
187	0x79478d35bd4212bebd14ff2146b377e2ba26df4d	7,150
188	0xc604fea7934ca0d049e21073ce8cf1441680bb33	7,145
189	0x23602ca06e977c86339ffddad74966e824ab691e	7,125
190	0x7bc2310afaf7c5a30b071e45e7ee9908b62c9b7e	7,125
191	0x53287f2db1802e3f05aff16f394d0bc3d8bab749	7,125
192	0xa7d78145b5f0895002d7dee335388b7d56bb1489	7,125
193	0x790de6f4edcc1ecc49cfd1ecbddd320d851c4f15	7,125
194	0xd05b346645c88e0ae1e01fec7c1e48327b124260	7,125
195	0xc81be60c6885bbffb06f3beed6b6670ab032567c	7,125
196	0x7ece907c5bca88578e9fbb50c4d4d3499bee1e1f	7,125
197	0x2d5a9999cd54ac8d9d03892b65c420014c8336c8	7,125
198	0x49f65224618a2cb322838aaa3c8bba9d12a8d66b	7,125
199	0x6692e46d91e25c2186b5b4661ce17371ef0ca1c0	7,125
200	0x9f72088f73e16a3ad7e836e353a28ea68b5fc011	7,125
201	0xac7b03cc11292e37905a684db84ac1db031ffd48	7,125
202	0x4d51c2e16004911fe9bd048dfe9989d72a6d1fb9	7,125
203	0xcf803a49f6e37b92a4040e397b976939dc5d9841	7,100
204	0x6ae61f9d7c3fd9938c6290e1cbf39c017662e488	7,100
205	0x3bd77b00f02c8bcff586c565e2c5e6b6c5878ec3	7,100
206	0xfad4e051f69039b150b1071e5e39e2dd41463ef0	7,100
207	0x38300b7af4de562d7f9cdb3a35604c76a3c1baed	7,100
208	0xa9568370b7f9ef732fa2a5a0acdc70d80482a405	7,075
209	0x2b8d6dd1058b6eb32206e3c031284a9e756d9edf	7,075
210	0xa638ac33d8899552fc784615c625490b682edbe8	7,075
211	0x11f33f8d3efdbf6fd552fb7c4dd56b82dabe8b14	7,075
212	0x59a9f768d7aa7d3245fe2096290d7beebaa8ac02	7,075
213	0x56c9a93ffab91bc966c14328f904c825b2ae87d3	7,075
214	0x07d03c86f435f9256761d83ac95739cc32833e8f	7,075
215	0xcc55c009f234d67cb060a7e9c5f330fb03f71af9	7,075
216	0xd4fc408ca11101950ddc06bf054489dd522ed6fd	7,075
217	0xa5e2d00b0d1116ef007244e90c68d73812172873	7,075
218	0xd598e0ccbbc94714422d544f1caf162234c296ba	7,050
219	0x53bebd20781aaa3a831f45b3c6889010a706ff9f	7,050
220	0xad8d22b89e55490e72bb5b06971f47c4b329e8b2	7,035
221	0x98c7a0c5ec68939d43f30488e673f59b668967ea	7,025
222	0x14cee23a36f6b134c5a12dd0f86d84100657b2ee	7,025
223	0x60d157fe1bdfd93815c9bfa7793bc9899f2f3f87	7,025
224	0x3ba5be29f37b98c201e1ff8ab6ce4dd3aba915b8	7,025
225	0x397c8dbd72d989f5d529b521eb4b5629441cb336	7,025
226	0x92be6536c85ec47fe57a737929bf34795f21fd19	7,025
227	0x84bb3d801ca2bfbe8bec439184520479e831cb81	7,025
228	0x5f4399231c9abccd2a67d3f8c5d8f9492ed7bde6	7,025
229	0xcf2b7c6bc98bfe0d6138a25a3b6162b51f75e05d	7,000
230	0x3dbc93aecd50e485ecd2dd6dbe73d1ec19a4d839	7,000
231	0x4fb5ae963c4fda03d98fc3ff8ff287fdf49de548	7,000
232	0x85e9aa198993a06aaa39b9e4f4352a38bc86e27b	7,000
233	0x4231be547904b34fb104b10da28f60a413094bdb	7,000
234	0xcd7f7cc5e7d037ef9fc9940e64fd083800518c94	6,975
235	0xe250c7540ffc0fe802a3cd1ba907adde9d410051	6,975
236	0x3098c04b75c7fecba9c7a80fc24c097995e95681	6,975
237	0x4d9b4e6e0965fa464e2bacef4cccd81f628746e9	6,975
238	0xb3623d62ff30fadb5b2e127c07cab0d1b0808276	6,975
239	0x434735ba8fc11521ec3995d9266b1692e79ee7fc	6,975
240	0x71fce18b3a32df4ec613353117c9b7726b8014d1	6,975
241	0x694648f01dfc79a7ae6938eac430998766b8bb44	6,975
242	0x0e0d408a053c20926e461fe3ffa4d6fd478e213f	6,975
243	0x2625b4da309819cb8b5eb8aee13c86ad0e097ef6	6,975
244	0x068518345fcea5e037581d49ebbab6c4c75b7572	6,975
245	0x50c57c918d52042bbd94b92c34e27dbd7c4b37ce	6,975
246	0x9452f977e3be00b4b9db4a21041f2b94f116a3c1	6,975
247	0x4039649b23ba058530d234810a64f13c6e0544d6	6,975
248	0x7beed30332656ca4220cb2ce8e4508fb18013e8d	6,950
249	0x08103e240b6be73e29319d9b9dbe9268e32a0b02	6,950
250	0x1f2c12e691ded35b5f663b8f14e73922a00ded94	6,950
251	0x98e07d48d80b82b1e1d58d8eca2b7a069f647eec	6,950
252	0xc154b8b310461716d50b18980a84444c1c780ba4	6,950
253	0xc4850210d6c133832d59ac17dca242c83ac1979c	6,950
254	0x3e443fa94ba7f2c055a92d46542c91a0bf87d54d	6,950
255	0xeb0e6ecd0e78b0a84ecd9663a041f453c454a99d	6,925
256	0x830f4c15480aa516a0cc4826902443936f9596cf	6,925
257	0x8eddf8facd0b7d8daf0fad69d51e35a9c219853e	6,925
258	0x7770b17e59a5212667c2d5a2577ff535d2197723	6,925
259	0xa04110031ed2f4bea38ee11373dbfae7877d6b34	6,925
260	0x41025f8b8a21aed17d32bbb10f539e3afd9a9eea	6,925
261	0x0316d1e79c4003aca9d6294f7f72ba2e5c70d23d	6,925
262	0x4ce52325d9a8dafef08ae227cdb857e2c921dbd9	6,925
263	0x72703b554a7089f93ff1fc6cc6c0e623900a7b80	6,900
264	0x9763771312dfed5bd8f14c224626be2af6c4102a	6,900
265	0x71fe8f38d4ba5973def012752e13140414e335eb	6,900
266	0x5a7cedb5683fa6b5f38c6a56942b733a425fe39b	6,900
267	0x7c5428b5c0718ff1963125b4a2f58fecf7b8825b	6,900
268	0x4bb12cc382e36b4b6faf7bdca7708969aed258ef	6,900
269	0x6d3f1250caf569564d4fcf90886b2256d44b5f98	6,900
270	0x8ef432c58ab31ebde8af6edb0901f50d2c780ff7	6,900
271	0x017932354d7db8a000922b28f53dd9424a3bf0a6	6,900
272	0xb2a968029778e7c68c30a4a16f97f5805dd7d28f	6,875
273	0x28a97280875b16ea73a4e21f3e119bcd77fa0e9a	6,875
274	0xaaf0eb7d49cddbb8d6d516689b9427cf69239c9f	6,875
275	0x2a90c8ba96d0f0fc8e869c36017ce094097fb261	6,875
276	0x57a8222915654d03ca8bebbfbbbcdc84a7dbb2f2	6,875
277	0x5c2670a95f13a9604a1b3d08ef695af3d5fc3e62	6,875
278	0x4a3a6c0fabc5b15d38ae859ac43791f94f5795de	6,875
279	0x05e65396220aea841f67c285e7355f0468ad3154	6,875
280	0x3bf3b6c806194daa230fe03ef7338b2f657f66f2	6,875
281	0xdfdc4f01272235f5ee8f4d065d0e0659bf4e55e2	6,875
282	0xa636821ad243148f9058fc3e0f329f0e2b8695dd	6,850
283	0x565cea2fd86ff22694ad53167e715fb81f4395ae	6,850
284	0x4dd1bc45e051c22ae544fbf3239470208e523b60	6,850
285	0x32e211e0f0cf0a00b6903261e6e70d34727bfe98	6,850
286	0x2e626e203c38ab28a84f835af2cc55dd1f4c5c30	6,850
287	0xf8ac656b8bbfa51f8967b5128d9af96b6f79b63d	6,850
288	0x0e6511cea173ac9ab52884255ea69efdc8f300fc	6,850
289	0x4a4bbbc5e17e8695bfce9998e24d761c334838c1	6,850
290	0x4f8382f3d38108128e98b621f7370179dd99e1b6	6,825
291	0xfa18b9047ad29f8b66b556da8e97af1b6a57e39c	6,825
292	0x7d7f249ffe00e6823300e6bd7e83745a95a84244	6,825
293	0x903435bb40a3955aba055488321d0016525f1c2b	6,825
294	0xff36da79cf472a3d0d60f95561adce920514630f	6,825
295	0x420140a48b736bc43901b451b5b75a3479aec260	6,825
296	0x26a1e46832bd5ffd7d21481d185fc258a7080316	6,800
297	0x964e785e3314b943f1990a9d6f864f828ee9b40a	6,800
298	0x49b4f4f17c950cd40ca4bd0f71d0d028b95210cb	6,800
299	0xd08a0e5c4faf114880a732c1e951d8fe56839118	6,800
300	0x4cc95278bb8c169b418c34fbec40b0354dfa523c	6,800
301	0xe79268d0295d8d504a198729205fb47c88e3eb1d	6,800
302	0x6dc718f33fd6721baa01669f9bf2c89d8e344bf6	6,775
303	0xfcdd6d25ae394746e4c74610aee215aaa4fd2e48	6,775
304	0x9dce16f67854d5b286acd47d20f884fb9a2e7fbf	6,775
305	0xa1b0b899f843ec4caee771ed7c15fac333f28d7c	6,775
306	0xad8734d1c29c4c66ab71eeace5e0b3bbee43b2ab	6,775
307	0x08d308d3985eada1a6b4e9882b93cbf2f3fe9119	6,775
308	0x4aec889b3e482617a4777a4221bf53d13688d443	6,775
309	0xc66e83079c49d6f186cd5d830268d544a979f422	6,775
310	0x777779d479f679dd7a076f694d0fe00794f3bb12	6,775
311	0xcf6416e4d91c0008254bea5a27d99dbce3750a62	6,775
312	0xd3362e86aabcaf3f3508a6b878ab41fcb82f2bd5	6,775
313	0xaff9d30d8a6892bbbf1c5b323ed2bd8d7e85d330	6,775
314	0xa139acaea60fff9446448bc95553c3c82ee4ff29	6,775
315	0xee88570d9146668e7ffc102c13e2ac52259a8eb6	6,775
316	0x2667a740d1b48bc333d28d2b3a6984ce26e1f7ad	6,750
317	0xbcec43bbc3c9a4cc2a133e92e8b200e0e92c221b	6,750
318	0xaae3e72253606f7f886a0e0930dc77c09fcce157	6,750
319	0xe832025d8cd30cd75e53efec1620e9874d744015	6,750
320	0x74d735368cb70a3dee7f9f184c05da63fcee7e6a	6,750
321	0xb2f9b85b8ad7e2ba37c076501b03b842c1409878	6,725
322	0xf7a75a236e9adb14ab45195bf8435532468cc927	6,725
323	0x89995a0f98453b9b0442e5095297013f714b0c8e	6,725
324	0xfe2b306ef88f70ec0ff63049bef1c61990465e2d	6,725
325	0xc7cb454cefd11a346c5307d4865b5bb687aaad46	6,725
326	0x0966d26521c18e82d11c40d64d3d1853ced5e707	6,725
327	0x9b697b7c3da6b56689304e210e53be0db1164dd8	6,725
328	0xd773be87460bd7108a4d996729cf3655e0e8fa57	6,725
329	0x29d52b601891f4d9f00392e002a18549c1deb003	6,725
330	0xf7aa7ef08a9ccad9b285fa9c13014d4f8d0d1486	6,725
331	0x14cb9fd23ed06875f5534af4e90da147d0a7ff4f	6,725
332	0x8eec22dfbc168386a990828896294bc3379e9b72	6,725
333	0x5eccf1b111c2bd408ff6597e07a68e57c670aef9	6,725
334	0x095b508d3af4dedce5cbfb0ff640ccabecb1fada	6,725
335	0xb24fbf6c7036ae05a9cce730f1f3154a89f7a0b3	6,725
336	0xfe0cba722eb0ff49e3f99770ddd05b5bcbe0a854	6,725
337	0x040b708b5edd2faa9dd2427a34bb2e1d0cbb4fe1	6,725
338	0x36bf801362695ba51cb96da42e688bd358423ab8	6,725
339	0x3bb048b9241d492b048fca9b25b55fe5c693d4f9	6,725
340	0x55e05e75d1f78db464d94823ff2d2edd10c45673	6,725
341	0xed33129e63d4a00e1391cf66febaf4edbded851d	6,725
342	0xca333b7523ca0fb2f1064a17598f14be97b83b77	6,725
343	0x41314b56657e3c5b7cc2392197dda1d0613ae667	6,700
344	0xdbdb4465314cdf3f92417e2c9af78b4d64062f00	6,700
345	0x00e81d0d81012e24a8c39aea69a9816c85409201	6,700
346	0x557f62475a0002eabd0946b307bf527903df597a	6,700
347	0x0e7ac32be16cb59c1224d862701806aa683c2c8d	6,700
348	0xf938097bd64b0f9c969983b361a07edfe9143552	6,700
349	0xe73445dbcb0c8a335cf38d46bf794a5e35ee4ac5	6,700
350	0x713eee13a1976c658ce7b61b22c3456af6550665	6,700
351	0x7d312285b51237f81270aa813dac49e71cab772f	6,700
352	0x26b042ba1b938f0bf6b2f3ecd1e3a9b54c876d76	6,700
353	0xfc1dceb7648510b54cd3f0e19288a1def9699833	6,675
354	0x40db0276a8d3fbbbf236eafdfb421f70ce57612d	6,675
355	0xf599baf1873135f79c1836b67f825aea72bb25d6	6,675
356	0xcf2834dec5bac5c86545cd928403c512a7cf45e0	6,675
357	0x17cc165c3a87b96f3df44990e033d23520ca882c	6,675
358	0x08362e35731ed257bda68c670663de03b92f4fc4	6,675
359	0xdf1a80841b16747ea4a48f449a255a79f8e238de	6,675
360	0xc9078525659c3cabe2e5099c75d777ec6c258e64	6,675
361	0x7bf1e657fdb7410c83ff70034b15947d95cbf675	6,675
362	0x674aed38129042d4c51832e9cba879a255263da5	6,675
363	0x379b5d286d5cff4189e9bca9c42672199409f3e6	6,675
364	0xf42c2b956bcab51abb6555f5a06ee582e4581c71	6,650
365	0x67491aa0baefc36dae58785fe141782a5d42154b	6,650
366	0x1aa30bfecdec590a90d5b43ca9d717fcae92c564	6,650
367	0x94bebd6effb831a38885ad2c21388b69986ebc6b	6,650
368	0xf5059ef377b5f5c8159195a9422e647a62cf4538	6,650
369	0x1ade555b2b19bd1f72406253882bc81fce16e9c7	6,650
370	0x0ebc6482ab5a198e442b7d448c6f0fa9ef71aa1f	6,650
371	0x12d737459242b4a80eac41e1b1dd50b0e4b38878	6,650
372	0x02d9867a6fbb5ddb0d00473b3a0ddfbae77ac6f7	6,650
373	0x2eb0e8eed839fbd6331ea31e1fe7d0b95ac6e5dd	6,650
374	0xf750cd8cce44db21781e66700157e5372e9ef608	6,650
375	0x9e9c23cacd2e621aab278045dc570cb06ecb432d	6,650
376	0x3c090fb78ba0487e32fbfd37aad2a649899800dd	6,650
377	0x023d0355195dae794095e87824e538ba60e3c360	6,625
378	0x75821898ad35392425896085089629611391d2bf	6,625
379	0x6e13a1ebf67d41a6f8c951d748c6a27771f6804b	6,625
380	0xeb0a85184f23d325593a5df0db3b82e823b52ff3	6,625
381	0x8e1f7a6315ab27b351055823a30168524b8c0f31	6,625
382	0x1048c9e572fac450805675de496e83b038cf228c	6,625
383	0xdd7e758206324f9cf278c64113c31fa5bb141843	6,625
384	0xfa7c2759a13c34dcafb5effd96fb645a570e63e7	6,625
385	0x8363730109f58b71df802ee880602581da6d9285	6,625
386	0xcfe82d33bf8150c7af42586e3d90b5962fa0532f	6,625
387	0x722070941fa6432a47c38ba13644cde5c36bacb4	6,625
388	0xd570f3c3a6f911ba8f78e3394c9b9abda0157829	6,625
389	0x9c398313275bacb7d4fc84ca5ba36e51e5b75c1d	6,610
390	0xb52e85d8962b874088e4ff146b1e8e46d7422a35	6,600
391	0x3dc7f8850cbfe558eee8442d553fde8eb49dcf5d	6,600
392	0xd283ac6b8dd58cde7ede41002219d976115dca36	6,600
393	0xcb40dfb54a6081fc6af8336c57f559c1cb364d03	6,600
394	0xe2be9a32bbea79e6f8462ec06df9eb26cd845e1e	6,600
395	0x55b05577303a419a163eab61069c3fd76d1c59bd	6,600
396	0x82d2f30247208be004b5d8ebe1ab0023b43327b0	6,600
397	0xf818278d7901508dd5893cbc61c531be1d3eedba	6,600
398	0xb2b56ca9248d23493d8e64afbdfcdc47826357f3	6,600
399	0x2cdbf2737eb9342a43c4aaa75a23032bf9653d61	6,600
400	0x70875ac30b86246b29abb7fcffa3ebd0a3ebf84b	6,600
401	0xa050db47160cd522d8c72066ee9c162cb4d49cac	6,575
402	0x85abbc31fdd045c38d08c500aa0a58d40ab26cd2	6,575
403	0x6fd69073f458ed3566ddd7f9f37409994ba59a78	6,575
404	0xd84d7bdc4b79171917c81ddbb22a01139eb4cd84	6,575
405	0x4bc10a13a35565107ba0d6a0b273e163ef1fb746	6,575
406	0x7f37712d5ec67a363100bd8f19cbb36871de0d39	6,575
407	0x0cc795611c9d95eb735c2e54adf6793e5bbfcb52	6,575
408	0xca1ce636484216dc991ae1ab0b0b8f7cc6724a9a	6,575
409	0xbce28c649a0a8970091b4d90127fc41da58c9037	6,575
410	0xca300722464cabdb4290c4c7f8426c91a7f93955	6,575
411	0x21c69ab0962fabd811b1f376ef85f5cae5317eb2	6,575
412	0x49fef3b732d8397bccfef412873d29de4e7d9316	6,575
413	0xfe9cb68d3830579087fa917fbbb69dd8436a8f2f	6,575
414	0xbc8ff8de9ede0056069db464aaaa19864e2bd21a	6,575
415	0x33c683563071e2234ad0b4ff27e8d684623cab6d	6,575
416	0x2be24b43d41316f8fe444e667f0b7b631b57f2fb	6,575
417	0xc783a2839f18da05309d0a7914d1544238132079	6,550
418	0xd88b2d4b5febf8d5f440de9f4e5e216f56fea1ba	6,550
419	0xba8716dbdbbf336c560d2c1f36e0875246440716	6,550
420	0xdcdb88f3754b2841093d9348a2d02df8cf06314c	6,550
421	0xade692ece7bd6cd7309724a391485d4db54ff4ec	6,550
422	0x19d7b4d403a9d3dc5ed3b15ea88671816b0f1d9f	6,550
423	0x6efece3b22ec965329ef83e4b0a4c4508edb52ee	6,550
424	0x3092f5e2eb2e7e148cd5f899721ff2f41dae76f3	6,550
425	0xb1e2194f43c3c0319b3b6fa560d47bc57632cc56	6,550
426	0xf8fa3972e483c892e00d0b4e63f6d7eacd58d6c5	6,550
427	0x7707b5c553f25f96754c7dd036bc656b0c395837	6,550
428	0x3a7cfa2b55a18dac1b3cc3615166035956a8c8d2	6,550
429	0xf73a1ef7fb53dda5cc475629972f14480a3b2e1d	6,550
430	0xc2681d0606ebd7719040f2bc1c0fda3e9215db90	6,545
431	0xecbde5878a4127b8def2af355dc7e2be5311f904	6,525
432	0x89b0fb6eb9d83e6e50915aba19b92fc80a58f065	6,525
433	0x9fc319e0259de9d57aab2249e1792ab97db3a901	6,525
434	0x349a30400d7cb23ce685326e0658fea2efbd3f3f	6,525
435	0x677789d6d5571f253da2ff9dedd0b338653177aa	6,525
436	0x7cb79864170d35c82eeae2bfd5e747325367a54b	6,525
437	0xd99476c509706c1ea814f6d6a7c3050ced14c9be	6,525
438	0x108803bea54b0a5c6905217d5626ee4522633921	6,525
439	0xbf96db9eef7ddf2dcc38f1df70a678fc5b2d0fb7	6,525
440	0x8c1ffd11b9cd30fa2237a9bc33d3ad17157acb6e	6,525
441	0x381921bb1c940eaecf2bc40a6dab81f970343299	6,525
442	0xd8c233b8af7e608fac6a05562f61d644dc81b4c6	6,525
443	0x39af8d24b794c3077519c7b6bafbb0d997fef819	6,525
444	0xae74d6920fe7fd80607717f9d1cd6acd4ff5fb41	6,525
445	0x0fdd53df9442abb5b9d46cfa55418de7a64a5093	6,525
446	0x434339643d95d78f061f69410b2bc604134fc44d	6,525
447	0xcd4aa0d75c36f15fdc9328ff4424ef9a22b755fe	6,525
448	0x66036d6c5540da581c8cac6c08a6109c3c677222	6,525
449	0x490f986771bc541d681d07bd186b523ab9c73cfc	6,525
450	0x64e7462846ecf2e1577f899cc34b76fed6425960	6,525
451	0x9fea69241d851ff897bcb9ebd8ac2839243f7aec	6,500
452	0x8acfe17a5fe62966a27e579e28c10e936de614f2	6,500
453	0xcfd648eb66b736351f48dbd5a1752708371c10f4	6,500
454	0x2ee42248515e55119aa0cc695b575451a77ce0f8	6,500
455	0xfdc08c629b7bfbfe376ce90b7afaa2066517b3d5	6,500
456	0xdf8b970454ff568beba2526b2fbe455a75f84f64	6,500
457	0x47231ed4a333985a0e01b3bf061fcd377f760d3c	6,500
458	0x41fa1f9a58ac7a22c57d5fe100297166a08e817a	6,500
459	0x1cc16a91691407b04f25cc5ff8af047b0ee3bb32	6,500
460	0x213b94e207c23f05422bebc21a4f0a986315f503	6,500
461	0x10c265b127a3ed3134b82c480c673714abae472d	6,500
462	0x3a9f45ac308ccc0a1a48b0f9e2f8ce859a0039ea	6,475
463	0xb1e8d8cd4bbe9c61327553ceb450429f2cc6e270	6,475
464	0xeb6e5dcf8e854c78d2f1c64db0ca95ff0bb86068	6,475
465	0x3d9192f29023a1a6dabc62ef707ffbc944a52b33	6,475
466	0xa47b6bd4da97421bd15ddf73d35ded2f0815cea6	6,475
467	0xf5dc682517e09342a6318bb284194ca540c82f08	6,475
468	0xee1b4d76bcdc386e29e6cf17f40f56bb5cb29c3f	6,475
469	0xb57d1bd9d8b005e14970ab7cc09e43caaed08e41	6,475
470	0xc69aaf51a76832bc2d2d78fcfac045f6e4701135	6,475
471	0x360e9088024d57602b264a78deaf85670eb0ebfc	6,475
472	0xf9912ff49974976a91d9dbc9211b8de842325124	6,475
473	0x8b8eb0a90c53e890a70762b72779862ea36e2c9c	6,475
474	0x601e31c5fb32a30b500ac0d62dc2ae6fc7963c2b	6,475
475	0x2645aab2e7369c17ebb1e046227af98df41d42e4	6,475
476	0xdae6b9dc10130b9de026c05ecc5e7e76198baeed	6,475
477	0xf84633805ca46d60b0fb585314a4049526a6e18d	6,475
478	0xcee8ef3a9773d2aa6429a8b6d899969099b1fd98	6,475
479	0x3990fd9f2e73a84234970cc96c66fcb55e48e295	6,475
480	0xaacf2fab7dbc8a647b23160552c558c676964910	6,475
481	0x29835a42f9fb2ed3cbf89cd1a522ababed902b6a	6,475
482	0xd7cd15bd4ff0c0e413961b453b6a4190066055cd	6,475
483	0xf5325e3c63b461914416bbbbd7b5ceab168896c4	6,475
484	0xf1c9e20b5023ad15f64fda3dc484bb937109e7a8	6,475
485	0xd9827f6432b3cd6280297dcde23aae194a3f9ef6	6,475
486	0x9b7e9f5fcbf08a85ba62bf75ecc8b78843a5ec3c	6,475
487	0x084f7932a8ba9f0b1274b0e8194edaaa96bdbb7c	6,475
488	0x879c14261b2f321a1806c38d46f219888e6e7cb9	6,475
489	0xbe6c5447423aec564e595cb00ce022c624d0da8e	6,450
490	0xdb25afdb6b1556a11c5e29aceeddf497a038a09b	6,450
491	0x4f7527a5abfd4c946cb1df410898b0f1fb3ab1e3	6,450
492	0x7383173dadf422ad2dbd754698706cc1397671d1	6,450
493	0x0957689e8a8f05ad3e0e870b81088f1d90a51ce5	6,450
494	0xbd5bbd91a1773b98077d65fb252d07afa9c14746	6,450
495	0x51706d1402438b01207351da04fad36c0cb7baac	6,450
496	0x2d05195e3329e227f4db15e2de3f962f6fc87766	6,450
497	0xa3ced6edebd484afb5e6408b55d09436a8000730	6,450
498	0xb946c09bb343c10a3a2ec12627610d85d01170af	6,450
499	0x848e8fa72f292d48119a0a7a04f1d2ddfefe222a	6,450
500	0x7dbc9b269b881895e75b63079bb4d5a3786a5b60	6,450
501	0xd71fad611d165d8ac21900296949a7fd6ed6ea42	6,450
502	0xdf98a47fded48e95e9c779c983f6949cf8e41ee6	6,425
503	0xc3be1583772305b6cb802189ae0043d1ad5587d9	6,425
504	0xd369f5bab78ff512a55e9f06732eed9b28347c65	6,425
505	0x1c65983c30a6a47886dbd6af6c69dfb6ce6589dd	6,425
506	0x179f573886518b073a05f74c7b13229157bd0bcd	6,425
507	0x4403440e3acfda385dd43c8fb76028811bf785bf	6,425
508	0xa595c00a9064732b9ca4bf5c0a189c5612659a81	6,425
509	0xfd33da9d13ff994495b2913421d414ac64e9eab4	6,425
510	0x03153deb0fe534fa8b2f6986ccc0cda47aa016e7	6,425
511	0xf247516c6fc2e5c7faeed0820b4790144fb776f9	6,425
512	0x9b075eac6955448577e46a347551e229ec376660	6,425
513	0x6cbf4396dbf04c27812363e505952c5b710abadd	6,425
514	0xc53866124cc286c406adc04fccdd127e7896a8c6	6,425
515	0x32ea96af21e2ccb9efbd7de21bd29c59658649fd	6,425
516	0x3d544464581a7008f2cadf4f2bb97b9ab4f38dcd	6,425
517	0x4f57eaf550d6163eb8591cbb518b529934f5cbef	6,425
518	0x0e2c54c3b938589d1f6e4e7a9897ec22b983e433	6,425
519	0x61e480a6f2f539c5c8b71894293b00818b2d6e73	6,425
520	0xa1a3a4964eb5b92318c148706caadcaf19e705aa	6,425
521	0xadbf44c86d250122dc3e7ce5ca73833210bfe863	6,425
522	0x4ad81a2e5e1fdb4e28d2f44b374e2d80aae9fa61	6,425
523	0xc99be1c7d78f0bd8bf024131a54efd252ebee832	6,425
524	0xae342bc1ddace51f674151633f9fb3f52440e961	6,425
525	0x3646b1f4de6065a5546a3640428ca416d7a3d1e1	6,425
526	0x531b2bf38733f9c84777d0a0bf032fa14ad932bd	6,425
527	0xe9d83837877bdf126ae99a329f612adb4d70d982	6,425
528	0x3616b4e4a113621937ad3e7885015f8ff7651368	6,425
529	0x4072666559580b59ef51833f102dc893f6e39826	6,425
530	0x2551dc445daf962fd020d52d25fc88c476ecc7cf	6,425
531	0x7ddd8ed221093ed3dd1dc1c77435724df50ab1d0	6,425
532	0xd18302a54bbc549564f43f2e7e0f59349cfcf6f5	6,425
533	0x6f5b35781bd45d15f4153c8a96a2ca5172c0d2b4	6,425
534	0xb480c08bc5583c6656a46ddf61d82e578be6484a	6,425
535	0xf919f38a070c1c04b7abb1bfb86b7d7f3e15a59f	6,425
536	0x8293720c8efbedca61b47fca9143c39653bc23f5	6,425
537	0x72d74a290625e32fe77bd83dd59125071a10a0e6	6,425
538	0x785a037af851ffcd9532bbe13b7d35ce303be93d	6,425
539	0x654d26a65b3bf7a19fd20994f084bac1d3e5bbb9	6,425
540	0xdc574378e4e71e1b170ba9dba769ce1d338d2623	6,425
541	0xe0356fc538b3579bf118fe067c16205297d4fb8b	6,425
542	0x7c2ef535e5092c803dab4dce188cf2dd6bafd9bb	6,425
543	0x94aff1b7568c63d38c8f07981fba16d83b2b22ba	6,410
544	0xf45d9a9c5bd68c482cb830248570ac6b54df6ae7	6,400
545	0xe5640b09eaad75a49782de1a50ecee1a0f803f8c	6,400
546	0x19bb690ad12019d51b96dd5dbceda4844c1d2746	6,400
547	0x3c0e5916b2f228eb237667f2ad895e0aaa7635a3	6,400
548	0x43803b21e7d8a78a0c8487b6e9c1ad159c721bb4	6,400
549	0x1316859012a940a7789249b42663e46734f13495	6,400
550	0xbcf94de321a21f52ed65d25eeca4b89cfe64e55c	6,400
551	0xa007ccf234d7e5306615035bba0d32b0f5d25bde	6,400
552	0xc474bc0b2c970db7285f8aef5a1aebb51ae26f18	6,400
553	0xb5d4f0099fad995b046e7d2f2d2c62981c3613fb	6,400
554	0x413ef527055d4f003316ecceb9d2789fb35f3e6b	6,400
555	0x7b1113048c8ba09050a70720d2aafe2ef581f7d8	6,400
556	0xa1c86070400883b4bcec335c5b446e91c8876f83	6,400
557	0xaf11495f021c5c2c5f5230f40d5d57ebe4059700	6,400
558	0x904957262d34f3095df6420682d60c9c2b6bbfd5	6,400
559	0x83693b43335b5845c332d5064dff59302ad423f1	6,400
560	0x7e939785e4202d42d22187292328dc9ff3025d97	6,400
561	0x7e50aea6f63ac013fbecb2ca1551bd02b36cc1ec	6,400
562	0x43424e49587aae46066cbc857128b7f5b2138342	6,400
563	0x8833107626356aa0a28bb67b137f598d51ba4f75	6,375
564	0x48126c48f9ea786e44e2da83de614f601abdac2f	6,375
565	0xe0513503522edb7bde38f504d1dc71d939d98bcf	6,375
566	0x5d3087d1aa04235610cad6198598977b9b8156d3	6,375
567	0x3c66bb9c32954c189d473e80448b54fa3d092554	6,375
568	0x056ac9ea2962f5cd274b073cd2be7343b426c5dc	6,375
569	0x922193dff7a2da8dddb4e94605d4d67b9dd5729b	6,375
570	0xfa026aed61a440e26dd3e189eebf1ba1c6a1d0e1	6,375
571	0x321d79d82a9729f237bdc8f303eb747d6b2586e1	6,375
572	0x4726a3f292468e1871a025c2649e6ed8b57d4007	6,375
573	0xb8c255d90efdb94a2164e41bcdfc416e84fef6b1	6,375
574	0x54fdc7f88a750354d1cf2c120ea27e769d80d574	6,375
575	0xf02245bd823da35aa3a5c661e9174dfbabc2fa3f	6,375
576	0x1cb3c249b548a8bf73fc28dbd1bb8769f3896121	6,375
577	0xcc88870a83393e0d1ca191e77f5363ebfd82752e	6,375
578	0x139f9d76ec76e6f6d8a4d338309f8a2c9f64a7e7	6,375
579	0x47b83ae31d94c0b3818ce4e8680a53db7dc8bb8b	6,375
580	0xd2f6f6a768063ac30c50adc70faab71d8b7b54ea	6,375
581	0x36dd40b92eb863141988e26c7ee0eb3190bd31ab	6,375
582	0x583e8571c208b926b6759dfe4bc9f156310d145e	6,375
583	0x1b5ebaace21877999e9c8c9ae5cdebba2a981ce0	6,350
584	0xc80ded6b332336d71b1413678a6060e5dec6b985	6,350
585	0x160727e44213162c77523bba90fdc13aba7789ff	6,350
586	0x97fd469dbee2c3649fd35e0c2530dc7d91d8993f	6,350
587	0xe9e3218515376ef9aaf8f1ed4e70deaaef265240	6,350
588	0xfc3b4f0adfa9cdfaf328d28c1dcd8ef80b94f812	6,350
589	0x10783fc60fcf8329f3720a46dc3f2fca299d2e3d	6,350
590	0x0f1430a60e5e9b58c7dcf8bac60e868c55047faa	6,350
591	0x0efe0a2eb897af12cfcdc199c565cbd4abe598e0	6,350
592	0xe20feaa33fa181a29d2986c396647707fd83b1b4	6,350
593	0x30decae8308b512a0b600eb26300a0a7df1843ff	6,350
594	0x77b1e7c5496efe2eb5b7018ac9d74f37c2c1a74a	6,350
595	0x68a37b3b99b6a5e8e997bad2d362dcca2d64a427	6,350
596	0x52f349edd4dcb7a3c60bf3066ce9a23962726d25	6,350
597	0x291cf18042712bee1dcfb45b1e80b621d6ec75e9	6,350
598	0xb9515faa29209baf9b06a42e889ea11d45c411c1	6,350
599	0x988cc8066b9e8d25198207a3bd838bf0fa12e906	6,350
600	0xbe6fd916c4e7c251e0f519a9eb8cfba0db1077fe	6,350
601	0x53eaa0d7f5e43d47b0b0e30b283e923601eaa80b	6,325
602	0x30c98ab8fb66212634bf284f3c13b1e1fe61b3ce	6,325
603	0x60d4dd03fca377816c959ff89033ffc8af4efad2	6,325
604	0xb7bd84b71fbe6f2ade449508b2b78cae45a18dc0	6,325
605	0x9e6ef3c0977b0a0591600e5e0960efc36cc0b2f4	6,325
606	0x36943cb1ea5055588b977ce82afa1a35a0707438	6,325
607	0x9cec5483884706d0ce2cf415c69cbf02450e76b3	6,325
608	0xd90a5612e809bfc82af15c3ddf312ecf56dfcb5f	6,325
609	0x1c03bffc34fa55a5b08e85528c5ba056301ffc0f	6,325
610	0x4b0a238a01ec57524e3cf423c7c552c1a0b72090	6,325
611	0xbec21b2649c545e442a213b4fc8c19e914538a50	6,325
612	0x2dd11d4656260a52be4f82d1c7b92dbf8cadb1ad	6,325
613	0x3315adb642bcb810063ad9a4906637107242924e	6,325
614	0xdaf48d5014b5ef0d7b6d6ca549abff422be7cc7b	6,325
615	0xbc86c53c2cc2f272ad95870a685b7ba1c870901b	6,325
616	0x8766ae7aafd63db0bba96f747cf0d879644f7827	6,325
617	0xb13106b738c8cdfc2767309ad9fded9ed76614ca	6,325
618	0xa811ba1b969ad57ce6eff8463febebad19223488	6,325
619	0x9455971f386d2c31ef39d0b93a89f16b1f8d2608	6,325
620	0xf1049c7d8db10ad69c41c37fc159bdbdad07b20c	6,325
621	0x0b7576a64a0f4b4924d55ed328ede4979446521b	6,300
622	0x42bd3d5bedd1905eb9f6d1e7c231eb28e708bdf3	6,300
623	0x6e361ebec3691cc171818afdbb3a0941ca050544	6,300
624	0x504f998aaa20904da32c42c6e4473d4e83a4bdca	6,300
625	0xe0d76bdf0dcf83685dc41570dd4536649119d304	6,300
626	0xa776f715d452b024665bb0b5ef050b720f7020c3	6,300
627	0xaccbe4a95776c87b7ec8249bac85e4b524be0c0b	6,300
628	0x6f85b8b8fe10157f166ec55dff7ad3edc6d059ec	6,300
629	0x9c781fd91dd7f14053a39963f6a7dab0fb22d133	6,300
630	0x95c843b8f01484f86b82a858badc0a66e0653c57	6,300
631	0x562f9c23191c115b9fc95904a3850003493e11f6	6,300
632	0x25ea2f3efd7fd87b830c993e55e1fb6066c753b1	6,300
633	0x8c00e5c55277ca0d9531f3c1c25c34f71d3a000a	6,300
634	0xecb723177331617791f41d234ac4d3d859ae98b9	6,300
635	0xdba31ca16d9d1dbf5abd95dce825e20b7b4f2227	6,300
636	0xf2f334a5e50c9e6ee247026e8ee7fdbb76b9dab6	6,300
637	0xf8026db82d463ce3e30d92b3a0d6d4901c8a7cf3	6,300
638	0xa8401e1e02b5556d4fbea2a78706ee27be77dc54	6,300
639	0x00a2adda53729a7e1fc77bc001a836710f0f50f5	6,300
640	0xb893ae8a1824604f6df4dfde52e2754921ba1a73	6,275
641	0x7db7f636eb50ab2734b587a4eb0ee3e8e75d5254	6,275
642	0x1069c861650693ff2c776793a4fd87c988e34f47	6,275
643	0x94c47ed35fd041953352cd483b66ad1dba05e31f	6,275
644	0x3161dcb17c7beaf05f23cdd6b8655ef6e9d4d26c	6,275
645	0xa181a3c3460ad5a2650f380352e3e68111e3d60e	6,275
646	0xa9a13b84ee026b8a54eccc19ee57d256112ec2c6	6,275
647	0x6c284d3c5f73a8d5b0772f217abcad6eab8492db	6,275
648	0x3ab4dac602a1f2800b054cb2ac75d8c32e687719	6,275
649	0xf7b861fba42096fe5cf194286e9a4786230a1e9f	6,275
650	0x4ac33d1a4de450d939cd10d3978679b71e1106b1	6,275
651	0xf7713f561a78696ece91f6ea117190595bba7349	6,275
652	0x564c5eb3037872d7fb4ee917d24294a5f71776d6	6,275
653	0x1abbf944c1a54e9b177afe27086e45c9353aeefe	6,275
654	0x756e68f85226e17c2ad9a36f5f3c81f88a01b20d	6,275
655	0xec6ba66a6d19fc4b6e123fbdba59e310d6d767e0	6,275
656	0x469bc3e7ecd3378384d584d75814f16b258078a3	6,275
657	0xd4190f41a0b2f5229813ee360068a6666d8dc421	6,275
658	0x121d6990e624cfa09e3b785a2d13935941b29bfc	6,275
659	0xeebbc5f62db1ceccb0c2107a9d9e55de84d8cf6f	6,275
660	0x18dd0a35977f88e7adade2682e3d9a585ad3b87d	6,275
661	0xda8db49deccb0544f7877069f602d2179ffda5a5	6,275
662	0x11543633ad8d1bf7546947d07f969f3c9d8a4bd3	6,275
663	0xa24d661aa481813bc6a148768785949129e0c310	6,275
664	0x83a2de08b26ab319fbd417af49e4dda97e1990c4	6,275
665	0xbafa87eda10b374a7253df27092488e48b47ec58	6,275
666	0xee182ee5d7044588bbc60b7a6ac7980376578925	6,275
667	0xad500eb3be8622b647b923c00dfc66577d7213b9	6,275
668	0xf42e0d17f1ad1d218affdae2c9f2f2bf6db33482	6,275
669	0x2942066eb1eef51068e81d1b3e125e4361687408	6,275
670	0x4f16fa588ec420743d1e56b745ab134bdd9179e4	6,275
671	0x5c563bd3d8f2a5c225f52e849f80fd9442f26118	6,275
672	0x1a38e9dfcafcc36f2eb41d4dd5921b071917038b	6,275
673	0x75d09a2932c1e9246c4d99319f60875f6939b3d5	6,275
674	0x26a316d025fac13ad74176a433e32c42fa5e1298	6,275
675	0x3c0ae2b3c8a60eef44d09917e99d9e6e974a1b25	6,275
676	0x4224247742168fbcfbe9009fccfcce826c880913	6,275
677	0x52ea1a4f963dd1a17ce0aefba41e1fdcd8979013	6,250
678	0x73566a07202b9216c733f4fbbf78d71cfa637005	6,250
679	0xc2f0fec9c0b32dc7e5545fae090c3c4d83112eac	6,250
680	0x6f43129642ae3f8e394f3b005054ad02f1d41c17	6,250
681	0x1fbe7b6152843f072daaec35db10c28bec8a6dcc	6,250
682	0x61cb1b5ed74848963f8a02d82011aab512be5efc	6,250
683	0xc1c47fc898feb1f2bb3a649b7e516d4f32e97465	6,250
684	0x6ab1ac5c79193579ad7365b1f852c12ef45bd921	6,250
685	0x08081f1eeadf6e2aae60ba89f80b030538d0d3a3	6,250
686	0x0b098bca89e0efa9669d240b36bcc19104b4b840	6,250
687	0x96e4a596087b811d61216684a4d87c688c6cbffa	6,250
688	0x3c4ae04242a7f1f74a428e0d6439f070b2cd91d2	6,250
689	0x27ca40b4bb1416c7217662ab4631930ad0119327	6,250
690	0x36340bb13a578a740193b2a0854b2593a206db7d	6,250
691	0xa35e7881d038ed6c9b2d791f8540bbbc30c73329	6,250
692	0x009c7409286ae658acf441313d55b507acdd13e4	6,250
693	0x750b4074ace49c78ea967cfc205dcaa4da2586eb	6,250
694	0xd6f91d0e6897a9e331fd5e13e04b5c01a28e9d83	6,250
695	0x7bfb6030e9ab4f418e19950365c81cd82d115c78	6,250
696	0xb37be5f70d2da93f15bbea157ece1cd1ea726c6f	6,250
697	0x1820b71a67f0d1af13460ff07f07c5b79690aa66	6,250
698	0xf46a4ed914984923df8c0fe1946c1f2e8b9f50b6	6,250
699	0x4b15e7d0eba14497af84bc8f75b2a7f9aa2fba50	6,225
700	0x00c6718bb74549e3cb18b708177d8c5a28c2680e	6,225
701	0xbd7430dab61a8d25780ad6169ba2269b97d304ee	6,225
702	0x1bb6dc39ebc757db05557d00b16c28a753a20558	6,225
703	0x2515926e3a14ea1f3e7fd70b35cb8d6214398fb0	6,225
704	0x18f771e9057d8c4a15c3e5e7032087fb9632d36a	6,225
705	0xd02e3550604e86c42d806f24af3968a55e37d18b	6,225
706	0xe5c1e803358d151d9199f164b7fa0f94b677b13b	6,225
707	0xb39baaeecb78c2d18dc683686ef7376829d83e12	6,225
708	0x4f89fb6893499c2ada917c2aa67405c201a48253	6,225
709	0x5a340e9d07baef5a8cd252057cdc3d0d87f0af31	6,225
710	0x0cf91a28964e14812187393e9906b469389f7fd0	6,225
711	0x4913abfb91796f02712d097ac78ce3a097cf07f6	6,225
712	0x3aed78197937942260928311b077965f803ac9f8	6,225
713	0x36ac5a21f253cdd4f28ebace28daadd2ee1146f2	6,225
714	0x07d3b12af284c5ccfd7ac6556703e54872bcf2d8	6,225
715	0x07150a95146563768d1e00c6d3836dfb5e7ae7e9	6,225
716	0xc13fa92a19ead57924ba8657f090bf596ceefae6	6,225
717	0x3aeaf0defcac8971bfa7429dfe57b97507310e7b	6,225
718	0x2eeaa7534aa31545e98319ed72827da53264775f	6,225
719	0x347d4a86272d68be247ff5745427640e5f6358e3	6,225
720	0x83803a52541bf611d7a34107ac5739c3c71daabb	6,225
721	0x8c11c2e761b3890a52755d01b2984c059a50dddd	6,225
722	0x13ee642ac134e69e4cb9f279511895380d0d404d	6,225
723	0x10ea738b86c458759f221f2e207e38c49f82a9f5	6,225
724	0x56bfcb3368be55b892c27b5837fbcf3869e2bd22	6,225
725	0xb4e29a1cd1d8714e3af3c8c3096941d57d08e76c	6,225
726	0xacff90ecc79fe2775b49f938501b39998802a4a7	6,225
727	0xd0ec58bf62b16803f4fb82ee1e61583b237b126f	6,225
728	0x5f2c8c9dbd251e1abcbc754d8b2ca93516708b70	6,225
729	0xc4cfcd452f4c150940d3363bb6cf599e1c131e1f	6,225
730	0x55768f71f188fa9ad7f2be3a497562690d2bcfc1	6,225
731	0x5f1a57a8cbc5501694911efa793d720a963db1ea	6,225
732	0x8567fe66c20ecd8a5fdba3141262f45fec2ea06a	6,225
733	0x861949d1c7a497de7580d666fb9a30eb93d9d88d	6,225
734	0xefb3da65dd5bde011c89382751e9d1f1cb9726e4	6,225
735	0xa6cbd0dcabb082319a067b0daf18df8156347c61	6,225
736	0xcaadadff88d7669dc0c2295b36b11c52a23632a6	6,225
737	0xa2b2f10a3c542fed3a53654cca97d34f628f55e3	6,200
738	0x9347ea27d20da04fa3af9444ebd086c73ff6553b	6,200
739	0x54e3c18c2367ce4fa1478645679696496426370b	6,200
740	0x925eafea2cc8eb6f747624f745db3ef0bf5a425f	6,200
741	0x34bda245253130ae781e78d4f714f1a113898abc	6,200
742	0xa8d1c3e5a27941eb656fc383d6c9b01ca6a9296d	6,200
743	0x7dcf46fa4fc7cd89de5fd534f9833cb8da1e37fb	6,200
744	0xdeb50f3eaa6e785e8715087b31ee62aa2800c3b9	6,200
745	0x5bd7c6331ad997f1f242ae29cd31e404c28fad71	6,200
746	0xad57e1d6b826b1b4327608f9255f652cea9fc60b	6,200
747	0xd88e278c0125e00941242799935ea24779d74c9b	6,200
748	0x59a5c40c139f329d59c0c0542e80f97d7dd04bdb	6,200
749	0xcee067efd073505713ad121cc08980aa63ef9168	6,200
750	0x9fdde3d96509e87d43c93ef6b8cc2c03b6c94fe3	6,200
751	0xefb5689b4acd1cbfe702bf1a20294833c5106ff8	6,200
752	0x20e815fe147605b2e09a2890878067cc6d1e6433	6,200
753	0xb37669bdd012a1a27f81bfe1454ef118e225cd59	6,200
754	0xfb41caeb8f81c5df503b339d7331b4c7a6847a88	6,200
755	0xd0fec64a178821dae63d17f587fa4ecaeda624fb	6,200
756	0x0da2685185bda57d50d5b19386fc33f3d108d1e1	6,200
757	0x70828df613df170ed2924450ac1107814b31f479	6,200
